HA301
1000
 1 0 2 0 3 0 4 0
 1 0 2 0 3 1 4 0
 1 0 2 0 3 0 4 0
 1 0 2 0 3 0 4 0
 1 0 2 0 3 0 4 0
 1 0 2 0 3 0 4 0
 1 0 2 0 3 0 4 0
 1 0 2 0 3 0 4 0
 1 0 2 0 3 0 4 0
 1 0 2 0 3 0 4 0
 1 0 2 0 3 1 4 0
 1 0 2 0 3 0 4 0
 1 0 2 0 3 0 4 0
 1 0 2 0 3 0 4 0
 1 0 2 0 3 0 4 0
 1 0 2 0 3 0 4 0
 1 0 2 0 3 0 4 0
 1 0 2 0 3 0 4 0
 1 0 2 0 3 0 4 0
 1 0 2 0 3 0 4 0
HA302
950
 1 0 2 0 3 0 4 0
 1 0 2 0 3 0 4 0
 1 0 2 0 3 0 4 0
 1 0 2 0 3 0 4 0
 1 0 2 0 3 0 4 0
 1 0 2 0 3 0 4 0
 1 0 2 0 3 0 4 0
 1 0 2 0 3 0 4 0
 1 0 2 0 3 0 4 0
 1 0 2 0 3 0 4 0
 1 0 2 0 3 0 4 0
 1 0 2 0 3 0 4 0
 1 0 2 0 3 0 4 0
 1 0 2 0 3 0 4 0
 1 0 2 0 3 0 4 0
 1 0 2 0 3 0 4 0
 1 0 2 0 3 0 4 0
 1 0 2 0 3 0 4 0
 1 0 2 0 3 0 4 0
 1 0 2 0 3 0 4 0
HA303
950
 1 0 2 0 3 0 4 0
 1 0 2 0 3 0 4 0
 1 0 2 0 3 0 4 0
 1 0 2 0 3 0 4 0
 1 0 2 0 3 0 4 0
 1 0 2 0 3 0 4 0
 1 0 2 0 3 0 4 0
 1 0 2 0 3 0 4 0
 1 0 2 0 3 0 4 0
 1 0 2 0 3 0 4 0
 1 0 2 0 3 0 4 0
 1 0 2 0 3 0 4 0
 1 0 2 0 3 0 4 0
 1 0 2 0 3 0 4 0
 1 0 2 0 3 0 4 0
 1 0 2 0 3 0 4 0
 1 0 2 0 3 0 4 0
 1 0 2 0 3 0 4 0
 1 0 2 0 3 0 4 0
 1 0 2 0 3 0 4 0
